100	2.54772e-07
1100	2.54642e-07
2100	2.54512e-07
3100	2.54382e-07
4100	2.54252e-07
5100	2.54122e-07
6100	2.53992e-07
7100	2.53863e-07
8100	2.53733e-07
9100	2.53603e-07
10100	2.53474e-07
11100	2.53344e-07
12100	2.53215e-07
13100	2.53085e-07
14100	2.52956e-07
15100	2.52827e-07
16100	2.52697e-07
17100	2.52568e-07
18100	2.52439e-07
19100	2.5231e-07
20100	2.52181e-07
21100	2.52052e-07
22100	2.51924e-07
23100	2.51795e-07
24100	2.51666e-07
25100	2.51538e-07
26100	2.51409e-07
27100	2.51281e-07
28100	2.51152e-07
29100	2.51024e-07
30100	2.50896e-07
31100	2.50768e-07
32100	2.5064e-07
33100	2.50512e-07
34100	2.50384e-07
35100	2.50256e-07
36100	2.50128e-07
37100	2.5e-07
38100	2.49873e-07
39100	2.49745e-07
40100	2.49618e-07
41100	2.49491e-07
42100	2.49363e-07
43100	2.49236e-07
44100	2.49109e-07
45100	2.48982e-07
46100	2.48855e-07
47100	2.48728e-07
48100	2.48601e-07
49100	2.48474e-07
50100	2.48348e-07
51100	2.48221e-07
52100	2.48095e-07
53100	2.47968e-07
54100	2.47842e-07
55100	2.47716e-07
56100	2.4759e-07
57100	2.47464e-07
58100	2.47338e-07
59100	2.47212e-07
60100	2.47086e-07
61100	2.4696e-07
62100	2.46835e-07
63100	2.46709e-07
64100	2.46584e-07
65100	2.46458e-07
66100	2.46333e-07
67100	2.46208e-07
68100	2.46083e-07
69100	2.45958e-07
70100	2.45833e-07
71100	2.45708e-07
72100	2.45583e-07
73100	2.45459e-07
74100	2.45334e-07
75100	2.4521e-07
76100	2.45086e-07
77100	2.44961e-07
78100	2.44837e-07
79100	2.44713e-07
80100	2.44589e-07
81100	2.44466e-07
82100	2.44342e-07
83100	2.44218e-07
84100	2.44095e-07
85100	2.43971e-07
86100	2.43848e-07
87100	2.43725e-07
88100	2.43602e-07
89100	2.43479e-07
90100	2.43356e-07
91100	2.43233e-07
92100	2.43111e-07
93100	2.42988e-07
94100	2.42866e-07
95100	2.42743e-07
96100	2.42621e-07
97100	2.42499e-07
98100	2.42377e-07
99100	2.42255e-07
100100	2.42133e-07
101100	2.42012e-07
102100	2.4189e-07
103100	2.41769e-07
104100	2.41647e-07
105100	2.41526e-07
106100	2.41405e-07
107100	2.41284e-07
108100	2.41163e-07
109100	2.41042e-07
110100	2.40922e-07
111100	2.40801e-07
112100	2.40681e-07
113100	2.40561e-07
114100	2.40441e-07
115100	2.40321e-07
116100	2.40201e-07
117100	2.40081e-07
118100	2.39962e-07
119100	2.39842e-07
120100	2.39723e-07
121100	2.39603e-07
122100	2.39484e-07
123100	2.39365e-07
124100	2.39247e-07
125100	2.39128e-07
126100	2.39009e-07
127100	2.38891e-07
128100	2.38773e-07
129100	2.38654e-07
130100	2.38536e-07
131100	2.38419e-07
132100	2.38301e-07
133100	2.38183e-07
134100	2.38066e-07
135100	2.37948e-07
136100	2.37831e-07
137100	2.37714e-07
138100	2.37597e-07
139100	2.37481e-07
140100	2.37364e-07
141100	2.37248e-07
142100	2.37131e-07
143100	2.37015e-07
144100	2.36899e-07
145100	2.36783e-07
146100	2.36668e-07
147100	2.36552e-07
148100	2.36437e-07
149100	2.36321e-07
150100	2.36206e-07
151100	2.36091e-07
152100	2.35977e-07
153100	2.35862e-07
154100	2.35748e-07
155100	2.35633e-07
156100	2.35519e-07
157100	2.35405e-07
158100	2.35291e-07
159100	2.35178e-07
160100	2.35064e-07
161100	2.34951e-07
162100	2.34838e-07
163100	2.34725e-07
164100	2.34612e-07
165100	2.34499e-07
166100	2.34387e-07
167100	2.34275e-07
168100	2.34163e-07
169100	2.34051e-07
170100	2.33939e-07
171100	2.33827e-07
172100	2.33716e-07
173100	2.33605e-07
174100	2.33494e-07
175100	2.33383e-07
176100	2.33272e-07
177100	2.33162e-07
178100	2.33051e-07
179100	2.32941e-07
180100	2.32831e-07
181100	2.32722e-07
182100	2.32612e-07
183100	2.32503e-07
184100	2.32394e-07
185100	2.32285e-07
186100	2.32176e-07
187100	2.32067e-07
188100	2.31959e-07
189100	2.31851e-07
190100	2.31743e-07
191100	2.31635e-07
192100	2.31528e-07
193100	2.3142e-07
194100	2.31313e-07
195100	2.31206e-07
196100	2.31099e-07
197100	2.30993e-07
198100	2.30887e-07
199100	2.30781e-07
200100	2.30675e-07
201100	2.30569e-07
202100	2.30464e-07
203100	2.30358e-07
204100	2.30253e-07
205100	2.30149e-07
206100	2.30044e-07
207100	2.2994e-07
208100	2.29836e-07
209100	2.29732e-07
210100	2.29628e-07
211100	2.29525e-07
212100	2.29422e-07
213100	2.29319e-07
214100	2.29216e-07
215100	2.29113e-07
216100	2.29011e-07
217100	2.28909e-07
218100	2.28807e-07
219100	2.28706e-07
220100	2.28605e-07
221100	2.28504e-07
222100	2.28403e-07
223100	2.28302e-07
224100	2.28202e-07
225100	2.28102e-07
226100	2.28002e-07
227100	2.27903e-07
228100	2.27804e-07
229100	2.27705e-07
230100	2.27606e-07
231100	2.27508e-07
232100	2.27409e-07
233100	2.27311e-07
234100	2.27214e-07
235100	2.27116e-07
236100	2.27019e-07
237100	2.26923e-07
238100	2.26826e-07
239100	2.2673e-07
240100	2.26634e-07
241100	2.26538e-07
242100	2.26443e-07
243100	2.26348e-07
244100	2.26253e-07
245100	2.26158e-07
246100	2.26064e-07
247100	2.2597e-07
248100	2.25876e-07
249100	2.25783e-07
250100	2.2569e-07
251100	2.25597e-07
252100	2.25505e-07
253100	2.25412e-07
254100	2.25321e-07
255100	2.25229e-07
256100	2.25138e-07
257100	2.25047e-07
258100	2.24956e-07
259100	2.24866e-07
260100	2.24776e-07
261100	2.24686e-07
262100	2.24597e-07
263100	2.24508e-07
264100	2.24419e-07
265100	2.24331e-07
266100	2.24243e-07
267100	2.24156e-07
268100	2.24068e-07
269100	2.23981e-07
270100	2.23895e-07
271100	2.23808e-07
272100	2.23723e-07
273100	2.23637e-07
274100	2.23552e-07
275100	2.23467e-07
276100	2.23382e-07
277100	2.23298e-07
278100	2.23214e-07
279100	2.23131e-07
280100	2.23048e-07
281100	2.22965e-07
282100	2.22883e-07
283100	2.22801e-07
284100	2.2272e-07
285100	2.22638e-07
286100	2.22558e-07
287100	2.22477e-07
288100	2.22397e-07
289100	2.22318e-07
290100	2.22238e-07
291100	2.2216e-07
292100	2.22081e-07
293100	2.22003e-07
294100	2.21926e-07
295100	2.21848e-07
296100	2.21772e-07
297100	2.21695e-07
298100	2.21619e-07
299100	2.21544e-07
300100	2.21469e-07
301100	2.21394e-07
302100	2.2132e-07
303100	2.21246e-07
304100	2.21173e-07
305100	2.211e-07
306100	2.21027e-07
307100	2.20955e-07
308100	2.20884e-07
309100	2.20813e-07
310100	2.20742e-07
311100	2.20672e-07
312100	2.20602e-07
313100	2.20533e-07
314100	2.20464e-07
315100	2.20395e-07
316100	2.20328e-07
317100	2.2026e-07
318100	2.20193e-07
319100	2.20127e-07
320100	2.20061e-07
321100	2.19995e-07
322100	2.1993e-07
323100	2.19866e-07
324100	2.19802e-07
325100	2.19739e-07
326100	2.19676e-07
327100	2.19613e-07
328100	2.19551e-07
329100	2.1949e-07
330100	2.19429e-07
331100	2.19369e-07
332100	2.19309e-07
333100	2.1925e-07
334100	2.19191e-07
335100	2.19133e-07
336100	2.19075e-07
337100	2.19018e-07
338100	2.18962e-07
339100	2.18906e-07
340100	2.1885e-07
341100	2.18796e-07
342100	2.18741e-07
343100	2.18688e-07
344100	2.18635e-07
345100	2.18582e-07
346100	2.1853e-07
347100	2.18479e-07
348100	2.18428e-07
349100	2.18378e-07
350100	2.18329e-07
351100	2.1828e-07
352100	2.18232e-07
353100	2.18184e-07
354100	2.18137e-07
355100	2.18091e-07
356100	2.18045e-07
357100	2.18e-07
358100	2.17955e-07
359100	2.17912e-07
360100	2.17868e-07
361100	2.17826e-07
362100	2.17784e-07
363100	2.17743e-07
364100	2.17703e-07
365100	2.17663e-07
366100	2.17624e-07
367100	2.17585e-07
368100	2.17548e-07
369100	2.17511e-07
370100	2.17474e-07
371100	2.17439e-07
372100	2.17404e-07
373100	2.1737e-07
374100	2.17336e-07
375100	2.17304e-07
376100	2.17272e-07
377100	2.17241e-07
378100	2.1721e-07
379100	2.1718e-07
380100	2.17152e-07
381100	2.17123e-07
382100	2.17096e-07
383100	2.17069e-07
384100	2.17044e-07
385100	2.17019e-07
386100	2.16994e-07
387100	2.16971e-07
388100	2.16948e-07
389100	2.16927e-07
390100	2.16906e-07
391100	2.16886e-07
392100	2.16866e-07
393100	2.16848e-07
394100	2.1683e-07
395100	2.16814e-07
396100	2.16798e-07
397100	2.16783e-07
398100	2.16769e-07
399100	2.16755e-07
400100	2.16743e-07
401100	2.16732e-07
402100	2.16721e-07
403100	2.16711e-07
404100	2.16703e-07
405100	2.16695e-07
406100	2.16688e-07
407100	2.16682e-07
408100	2.16677e-07
409100	2.16673e-07
410100	2.1667e-07
411100	2.16668e-07
412100	2.16667e-07
413100	2.16667e-07
414100	2.16668e-07
415100	2.1667e-07
416100	2.16673e-07
417100	2.16677e-07
418100	2.16682e-07
419100	2.16688e-07
420100	2.16695e-07
421100	2.16703e-07
422100	2.16712e-07
423100	2.16723e-07
424100	2.16734e-07
425100	2.16746e-07
426100	2.1676e-07
427100	2.16774e-07
428100	2.1679e-07
429100	2.16807e-07
430100	2.16825e-07
431100	2.16844e-07
432100	2.16865e-07
433100	2.16886e-07
434100	2.16909e-07
435100	2.16932e-07
436100	2.16957e-07
437100	2.16984e-07
438100	2.17011e-07
439100	2.1704e-07
440100	2.1707e-07
441100	2.17101e-07
442100	2.17133e-07
443100	2.17167e-07
444100	2.17202e-07
445100	2.17238e-07
446100	2.17275e-07
447100	2.17314e-07
448100	2.17354e-07
449100	2.17395e-07
450100	2.17438e-07
451100	2.17482e-07
452100	2.17528e-07
453100	2.17575e-07
454100	2.17623e-07
455100	2.17672e-07
456100	2.17723e-07
457100	2.17776e-07
458100	2.1783e-07
459100	2.17885e-07
460100	2.17942e-07
461100	2.18e-07
462100	2.1806e-07
463100	2.18121e-07
464100	2.18184e-07
465100	2.18248e-07
466100	2.18314e-07
467100	2.18381e-07
468100	2.1845e-07
469100	2.1852e-07
470100	2.18592e-07
471100	2.18666e-07
472100	2.18741e-07
473100	2.18818e-07
474100	2.18896e-07
475100	2.18977e-07
476100	2.19058e-07
477100	2.19142e-07
478100	2.19227e-07
479100	2.19314e-07
480100	2.19403e-07
481100	2.19493e-07
482100	2.19585e-07
483100	2.19679e-07
484100	2.19775e-07
485100	2.19873e-07
486100	2.19972e-07
487100	2.20073e-07
488100	2.20176e-07
489100	2.20281e-07
490100	2.20388e-07
491100	2.20497e-07
492100	2.20607e-07
493100	2.2072e-07
494100	2.20835e-07
495100	2.20951e-07
496100	2.2107e-07
497100	2.2119e-07
498100	2.21313e-07
499100	2.21437e-07
500100	2.21564e-07
501100	2.21693e-07
502100	2.21824e-07
503100	2.21957e-07
504100	2.22092e-07
505100	2.22229e-07
506100	2.22369e-07
507100	2.2251e-07
508100	2.22654e-07
509100	2.228e-07
510100	2.22949e-07
511100	2.231e-07
512100	2.23253e-07
513100	2.23408e-07
514100	2.23566e-07
515100	2.23726e-07
516100	2.23888e-07
517100	2.24053e-07
518100	2.2422e-07
519100	2.2439e-07
520100	2.24562e-07
521100	2.24737e-07
522100	2.24914e-07
523100	2.25094e-07
524100	2.25277e-07
525100	2.25462e-07
526100	2.25649e-07
527100	2.2584e-07
528100	2.26033e-07
529100	2.26229e-07
530100	2.26427e-07
531100	2.26628e-07
532100	2.26832e-07
533100	2.27039e-07
534100	2.27249e-07
535100	2.27461e-07
536100	2.27676e-07
537100	2.27895e-07
538100	2.28116e-07
539100	2.2834e-07
540100	2.28568e-07
541100	2.28798e-07
542100	2.29031e-07
543100	2.29268e-07
544100	2.29507e-07
545100	2.2975e-07
546100	2.29996e-07
547100	2.30245e-07
548100	2.30497e-07
549100	2.30753e-07
550100	2.31012e-07
551100	2.31274e-07
552100	2.3154e-07
553100	2.31809e-07
554100	2.32082e-07
555100	2.32358e-07
556100	2.32637e-07
557100	2.32921e-07
558100	2.33207e-07
559100	2.33498e-07
560100	2.33792e-07
561100	2.34089e-07
562100	2.34391e-07
563100	2.34696e-07
564100	2.35005e-07
565100	2.35318e-07
566100	2.35635e-07
567100	2.35956e-07
568100	2.3628e-07
569100	2.36609e-07
570100	2.36942e-07
571100	2.37279e-07
572100	2.3762e-07
573100	2.37965e-07
574100	2.38314e-07
575100	2.38668e-07
576100	2.39026e-07
577100	2.39388e-07
578100	2.39755e-07
579100	2.40126e-07
580100	2.40502e-07
581100	2.40883e-07
582100	2.41267e-07
583100	2.41657e-07
584100	2.42051e-07
585100	2.4245e-07
586100	2.42854e-07
587100	2.43262e-07
588100	2.43676e-07
589100	2.44094e-07
590100	2.44518e-07
591100	2.44946e-07
592100	2.4538e-07
593100	2.45819e-07
594100	2.46263e-07
595100	2.46712e-07
596100	2.47167e-07
597100	2.47627e-07
598100	2.48092e-07
599100	2.48563e-07
600100	2.4904e-07
601100	2.49522e-07
602100	2.5001e-07
603100	2.50503e-07
604100	2.51003e-07
605100	2.51508e-07
606100	2.5202e-07
607100	2.52537e-07
608100	2.5306e-07
609100	2.5359e-07
610100	2.54126e-07
611100	2.54668e-07
612100	2.55217e-07
613100	2.55771e-07
614100	2.56333e-07
615100	2.56901e-07
616100	2.57476e-07
617100	2.58057e-07
618100	2.58645e-07
619100	2.5924e-07
620100	2.59843e-07
621100	2.60452e-07
622100	2.61068e-07
623100	2.61692e-07
624100	2.62322e-07
625100	2.62961e-07
626100	2.63606e-07
627100	2.64259e-07
628100	2.6492e-07
629100	2.65589e-07
630100	2.66265e-07
631100	2.6695e-07
632100	2.67642e-07
633100	2.68343e-07
634100	2.69051e-07
635100	2.69768e-07
636100	2.70494e-07
637100	2.71228e-07
638100	2.7197e-07
639100	2.72721e-07
640100	2.73482e-07
641100	2.7425e-07
642100	2.75028e-07
643100	2.75816e-07
644100	2.76612e-07
645100	2.77418e-07
646100	2.78233e-07
647100	2.79058e-07
648100	2.79892e-07
649100	2.80737e-07
650100	2.81591e-07
651100	2.82455e-07
652100	2.8333e-07
653100	2.84215e-07
654100	2.8511e-07
655100	2.86016e-07
656100	2.86933e-07
657100	2.87861e-07
658100	2.88799e-07
659100	2.89749e-07
660100	2.9071e-07
661100	2.91682e-07
662100	2.92666e-07
663100	2.93662e-07
664100	2.9467e-07
665100	2.95689e-07
666100	2.96721e-07
667100	2.97765e-07
668100	2.98822e-07
669100	2.99891e-07
670100	3.00973e-07
671100	3.02068e-07
672100	3.03176e-07
673100	3.04298e-07
674100	3.05433e-07
675100	3.06582e-07
676100	3.07744e-07
677100	3.08921e-07
678100	3.10112e-07
679100	3.11317e-07
680100	3.12537e-07
681100	3.13772e-07
682100	3.15022e-07
683100	3.16287e-07
684100	3.17567e-07
685100	3.18863e-07
686100	3.20175e-07
687100	3.21503e-07
688100	3.22848e-07
689100	3.24209e-07
690100	3.25586e-07
691100	3.26981e-07
692100	3.28393e-07
693100	3.29822e-07
694100	3.31269e-07
695100	3.32734e-07
696100	3.34217e-07
697100	3.35719e-07
698100	3.37239e-07
699100	3.38778e-07
700100	3.40337e-07
701100	3.41915e-07
702100	3.43513e-07
703100	3.45131e-07
704100	3.46769e-07
705100	3.48428e-07
706100	3.50108e-07
707100	3.51809e-07
708100	3.53532e-07
709100	3.55277e-07
710100	3.57044e-07
711100	3.58834e-07
712100	3.60647e-07
713100	3.62482e-07
714100	3.64342e-07
715100	3.66225e-07
716100	3.68133e-07
717100	3.70065e-07
718100	3.72022e-07
719100	3.74005e-07
720100	3.76014e-07
721100	3.78048e-07
722100	3.8011e-07
723100	3.82198e-07
724100	3.84314e-07
725100	3.86457e-07
726100	3.88629e-07
727100	3.9083e-07
728100	3.9306e-07
729100	3.95319e-07
730100	3.97608e-07
731100	3.99928e-07
732100	4.0228e-07
733100	4.04662e-07
734100	4.07077e-07
735100	4.09524e-07
736100	4.12004e-07
737100	4.14518e-07
738100	4.17066e-07
739100	4.19649e-07
740100	4.22267e-07
741100	4.24921e-07
742100	4.27611e-07
743100	4.30338e-07
744100	4.33103e-07
745100	4.35906e-07
746100	4.38749e-07
747100	4.4163e-07
748100	4.44552e-07
749100	4.47515e-07
750100	4.50519e-07
751100	4.53566e-07
752100	4.56656e-07
753100	4.59789e-07
754100	4.62967e-07
755100	4.6619e-07
756100	4.6946e-07
757100	4.72776e-07
758100	4.7614e-07
759100	4.79552e-07
760100	4.83013e-07
761100	4.86525e-07
762100	4.90088e-07
763100	4.93703e-07
764100	4.97371e-07
765100	5.01093e-07
766100	5.04869e-07
767100	5.08702e-07
768100	5.12591e-07
769100	5.16538e-07
770100	5.20545e-07
771100	5.24611e-07
772100	5.28738e-07
773100	5.32928e-07
774100	5.37181e-07
775100	5.41499e-07
776100	5.45882e-07
777100	5.50333e-07
778100	5.54852e-07
779100	5.5944e-07
780100	5.641e-07
781100	5.68832e-07
782100	5.73637e-07
783100	5.78518e-07
784100	5.83475e-07
785100	5.8851e-07
786100	5.93625e-07
787100	5.98822e-07
788100	6.041e-07
789100	6.09464e-07
790100	6.14913e-07
791100	6.20451e-07
792100	6.26077e-07
793100	6.31796e-07
794100	6.37607e-07
795100	6.43514e-07
796100	6.49518e-07
