13.348182 0.249206
0.248414 0.004468
0.404068 0.013949
0.545732 1.726335
0.436495 1.468932
0.352674 1.452607
0.278231 1.186597
0.223785 1.043401
0.180741 0.991792
0.144099 0.838359
0.116438 0.732411
0.094805 0.717209
0.075946 0.667502
0.060495 0.585179
0.048629 0.564882
0.038668 0.508607
0.030920 0.498652
0.024316 0.495582
0.018254 0.575873
0.008082 0.604947
0.000000 0.000000
3.184888 0.783758
0.740297 0.001120
10.000000 0.016525
10.000000 0.019303
10.000000 0.013100
10.000000 0.029187
10.000000 0.010934
10.000000 0.014889
10.000000 0.019222
10.000000 0.018099
10.000000 0.012151
7.682052 0.010658
24.119865 0.037933
3.167130 0.000000
25.028096 0.000000
0.121215 0.002817
0.110566 0.002357
0.110566 0.001798
0.110566 0.007363
0.143601 0.004632
0.040732 0.003683
0.802601 0.002952
0.009441 0.008451
0.009441 0.023597
0.003563 0.015861
